1992
67
657
665
1934
100
1987
1443
1919
1543
1704
2005
279
96
2084
2011
1156
1937
491
1249
1970
2070
629
1515
1300
1656
2032
342
518
1899
263
1669
379
1960
1447
402
190
1638
1089
1911
1820
835
915
1145
1615
1538
1237
253
214
245
479
1641
564
762
1875
213
1931
1068
796
1674
2060
1493
951
322
508
349
584
1331
474
817
2067
1021
1929
737
912
622
849
592
1210
899
1400
1216
1288
1422
1668
1120
95
1839
1402
1737
843
637
351
776
1667
1736
1562
1293
260
1338
1881
242
826
494
312
1066
2083
1263
1477
1396
437
552
81
1352
1655
1178
2040
985
1420
1075
531
210
519
1879
1061
1306
1275
806
1189
1637
1383
1478
516
1675
1438
2026
1281
1268
925
338
446
1047
944
1923
845
52
1613
920
468
1837
1958
812
86
1912
929
784
1053
1464
867
1348
399
2074
1809
602
488
2051
51
1527
1910
965
1037
579
921
1479
1913
1093
252
683
331
1892
670
832
1536
865
1501
1015
61
1847
231
1304
145
1877
458
1067
1460
1253
377
1031
1774
1168
1824
1905
1206
1496
1491
1010
1446
220
1776
722
87
202
38
728
1632
759
319
2002
841
748
115
521
1370
1979
1763
1175
1996
1682
578
1020
1173
1552
1431
153
1519
3
610
1880
573
1201
414
1593
937
556
499
520
1720
1272
1395
1142
469
1086
1316
666
53
1321
612
1612
1271
515
589
792
360
362
590
569
1520
766
301
1522
645
1336
1588
1691
187
1733
680
1467
998
448
406
166
1702
1179
568
1508
13
1784
191
1483
836
1233
718
1679
1394
1503
1279
1132
966
1582
1767
134
455
46
1102
310
1965
846
1603
1128
1009
221
1946
329
1305
405
274
1137
119
1883
539
1914
2082
1108
224
1927
1986
1387
465
1236
904
363
504
1023
208
1427
1033
327
1940
1818
1340
1684
146
1903
111
192
375
339
407
782
1622
1765
1343
1046
1312
1888
430
2053
756
127
409
848
1069
1111
755
1096
981
1804
1722
669
1807
541
1991
779
1167
862
916
1782
1954
1452
416
668
175
696
693
313
181
550
702
1112
205
1319
288
692
364
567
449
1935
2044
78
995
383
805
1063
2009
1949
195
54
1661
1718
1719
114
599
1139
1928
1245
2015
810
725
2062
0
1437
961
1831
873
1278
1917
825
1556
1098
259
1414
425
789
1610
510
1918
601
790
1045
1579
2
604
1951
1788
605
1241
1418
91
1117
1964
204
1429
1215
326
1920
1775
684
1398
760
315
1486
2075
1291
308
1389
754
1449
986
1470
1364
707
1998
1374
1843
58
2072
270
72
706
1456
2025
1635
1528
2085
1152
230
936
1360
596
1227
436
2055
732
2043
122
424
1419
720
1606
