1450
559
738
1453
1509
404
829
1335
40
1171
262
459
2059
49
1874
1512
1157
199
1696
853
1868
1000
750
844
1469
1445
386
378
650
1967
198
433
1781
808
648
432
1313
1589
675
1594
548
389
75
162
1982
723
523
1870
1936
159
462
2078
1219
2030
1595
942
129
92
1257
237
1397
1298
1961
85
1039
1182
84
630
586
487
1829
1196
828
1322
328
1932
834
1170
309
902
347
603
88
1516
300
1542
1391
1835
357
1228
814
393
2057
1256
1315
791
1689
65
1465
545
1250
2042
967
935
1971
1830
735
1289
1376
2029
1999
1123
1975
1099
503
1886
489
256
1006
1749
1054
861
33
1772
625
1409
695
2006
913
950
1587
1076
1842
291
345
689
42
534
943
1683
1564
1976
1332
117
619
477
659
1596
366
1355
557
1650
1185
1915
1898
60
852
1259
694
522
1176
1761
1938
35
667
514
1353
1193
463
276
1802
246
964
1901
1018
472
1071
1299
444
1648
1444
1487
1378
785
1557
892
1762
1993
1154
1095
1808
1030
780
1814
451
1092
500
1678
20
1943
1513
138
384
261
1849
1346
1327
1136
1592
10
2001
800
1183
1151
2022
473
1742
1308
83
2024
1840
991
286
1240
1244
528
877
1258
401
89
17
31
137
206
97
1753
1628
18
513
297
628
1371
958
871
294
207
232
830
962
2091
778
1058
880
793
537
872
1544
1566
390
1466
1113
1239
1034
11
581
248
850
2077
1750
2095
1172
956
179
1608
1261
1591
1711
289
1706
1618
1568
1651
819
1786
103
1735
911
9
1468
376
486
105
1945
1969
1457
643
1283
1399
611
553
467
525
664
813
197
971
1357
777
941
2096
1008
1274
1555
320
978
799
1350
1
480
1620
1213
24
249
947
1727
1044
2079
1858
1844
1930
1407
1777
661
71
1028
1581
164
1730
1328
1384
678
1896
1634
868
922
2097
1057
23
133
1078
419
527
2028
566
576
1428
1141
1372
2068
624
1666
1926
758
265
48
1585
1751
492
496
731
1825
882
335
823
348
1995
1900
1025
1604
241
124
7
1882
126
1799
1787
1041
565
653
1726
1990
1894
1267
1064
1425
1583
544
1769
1980
1430
1027
99
295
1462
1103
1821
1624
945
1963
547
893
394
417
1480
442
607
1563
753
1553
471
1952
2021
876
142
1510
2080
1646
1442
713
136
2033
186
988
1819
1576
422
94
733
68
293
1314
62
1890
972
1558
639
144
1792
1104
1252
2013
147
1223
866
1451
466
215
616
712
953
1052
1607
606
2012
1238
1002
1806
1482
1290
908
1345
341
47
1834
2016
1134
1885
1180
1489
1222
1131
644
1140
234
751
1166
1855
1997
2065
1531
299
330
1744
1832
1474
2092
932
374
1380
1115
