5119
3980
140
6729
3127
1211
1049
7099
2928
6306
6714
7296
3711
3109
7563
3572
7512
2260
5794
2946
5482
2483
6780
7931
5398
926
6608
4955
2165
3274
2117
2836
6978
4336
7113
2124
1943
6533
3435
5173
278
86
4529
1136
2367
6015
6476
5975
4205
265
6486
7194
6388
2468
249
5876
5808
7900
5037
4763
1281
3019
4685
575
2103
5190
1021
2918
7582
6504
6748
262
962
7359
5877
6133
1446
3451
4038
7092
7497
2136
259
298
3244
4209
5863
2547
7735
4541
5642
6785
5150
986
6296
3679
3316
5149
3855
6829
4965
5466
7040
3314
3431
7267
4337
2127
7727
7632
4808
7611
7021
679
7197
6911
1923
5443
3279
2922
4360
2933
2012
6763
4757
430
5963
608
4539
250
6187
3987
6744
212
5325
4983
2511
1088
4692
1076
615
7330
874
4169
829
1389
7385
1805
4284
5771
3834
1714
4081
4963
3411
7570
4263
6867
3220
2723
6377
1681
7188
4862
4504
3444
1258
2197
6257
7253
1255
3952
3620
1653
7105
1232
4448
4376
812
2512
6174
691
1772
1201
3287
5029
271
3221
1707
2649
1401
1444
4698
1867
4737
7888
2322
5955
1060
7034
583
4432
4110
4790
890
1733
2847
3527
4883
1349
5396
2196
6362
5828
2514
7526
4898
2263
6883
2039
3495
4004
3734
5563
5374
6417
7340
3223
4092
4227
7610
2248
2235
6446
5017
6472
6725
1614
6225
3612
5393
6895
780
2679
6704
103
498
210
1176
4380
6709
7085
5131
7458
6564
1461
4525
1023
7885
1528
5797
3636
5367
6581
2268
6339
4396
5695
7162
1882
1068
1784
4724
4664
7601
7305
2362
7886
4290
6131
6218
1213
2275
7166
6838
4400
5929
5691
2319
1064
7745
2993
5048
7392
7414
7082
4309
4151
2945
6408
3150
6594
2166
7684
731
686
7417
2976
1237
441
5756
2285
7906
3984
1544
1533
4516
1406
5246
1501
1972
3161
3469
4615
2307
7437
1715
3955
5142
4956
105
3428
6110
6226
5326
4659
3013
601
3705
2434
6847
5178
7043
4811
341
4828
7066
1789
677
7446
607
3552
4673
7595
7667
1465
718
690
7145
6469
1164
7094
1590
3273
952
5996
2017
5314
1817
6936
5348
452
2000
6873
1468
6987
1824
1854
740
65
3397
5100
4172
7683
7585
7375
4614
5070
7980
976
3835
5265
7252
4216
3448
5762
1276
2075
614
4426
356
6872
3427
1271
5713
23
4693
4464
5906
3744
5286
1695
2385
7927
7586
3496
6178
1719
7491
1046
1793
4456
2590
4836
7064
6974
3457
260
7709
4677
998
2397
2220
3003
7657
2299
6651
1779
4301
7609
4732
319
1299
5720
6703
5722
7756
6219
2577
7655
6096
4325
2217
4147
600
4372
3219
4799
4912
5351
330
5577
3813
756
4022
750
779
1090
792
7278
234
3007
508
5854
5988
2740
7496
2422
313
1234
5654
2205
7295
6042
4458
7747
5514
2399
3843
5035
6960
299
5529
1531
1774
3838
7468
6342
3359
1948
282
4582
7635
915
1660
6928
1689
3026
2849
721
2681
999
3057
3727
2077
1472
2152
5940
2239
2829
7420
1585
3302
7492
2705
3351
3087
1219
2349
4891
2104
4466
3689
738
1015
1405
5662
564
7328
3312
3524
2435
5020
7026
1144
4204
121
2697
4647
24
6858
7211
2310
6634
3120
7828
637
6181
7426
1429
382
1395
7664
2298
6511
2823
7770
4728
3833
697
6741
2072
4319
2655
4111
7752
717
3306
3027
7283
1634
1188
344
7286
5249
4835
4470
1005
2798
4769
676
3036
644
1875
5610
4788
7823
1756
6384
4048
134
6404
4391
5537
5323
2881
3812
7111
3772
7210
2333
5503
6024
6753
3387
2931
5572
5892
7061
6412
965
101
6696
6900
1865
6360
4621
1493
3132
3246
1677
2788
182
1804
2158
4023
1566
6353
6531
3012
2115
1117
6981
5414
1607
7505
4100
7327
3462
4765
4421
1107
7665
5907
505
6167
6666
502
7549
5700
711
5984
4503
5194
440
599
4945
7731
6071
6121
4679
3589
739
1523
504
1339
3403
1173
1418
4748
3934
6602
3669
5204
3749
1131
3207
7580
6945
6501
2639
2106
4355
5440
5457
3329
7269
7062
6153
3149
6795
5474
2668
5502
3192
5293
5086
1912
2766
456
6624
5945
7511
7686
1172
5555
2085
7435
5543
4695
2782
3724
2709
629
6711
6328
3478
2463
809
7668
7804
2631
414
6118
4016
947
2272
5300
7614
7811
6912
5423
790
7627
6811
5677
2493
460
2446
3452
7369
3083
4568
4747
3714
1434
4153
7841
6020
7322
3321
2325
5727
5786
845
7168
4502
582
2671
1743
1317
7628
7508
7
5282
3829
5776
1245
3304
4512
3237
2760
2557
2979
3095
7436
3775
3708
1899
1810
1110
2180
1633
941
1156
419
6164
151
4441
7985
42
254
4026
6359
6848
3114
41
596
7460
2832
3018
5274
3713
2055
2868
5310
4027
4330
4924
1250
6760
4650
5816
3125
5607
6996
7233
4408
5999
1210
6168
2337
2684
6011
1375
1555
6544
1896
3760
1387
31
5039
5475
772
2632
4840
1082
228
4314
3732
2034
1105
4363
3809
934
6426
7427
2240
1851
6701
5395
6650
406
3399
2636
814
7056
7704
4126
3965
5668
2812
6166
28
919
7173
1557
7527
7543
6846
5763
6297
1495
5257
5701
4404
2120
7382
497
3790
1391
7999
3085
3418
1543
2795
6582
4103
7723
521
4473
1546
2608
545
3850
2147
1452
5651
2944
337
6271
630
2621
3923
261
6453
4291
4915
2658
6962
1678
1355
4764
3587
5904
1125
7959
1850
4589
4598
7454
568
3338
6885
3638
2839
6657
899
4449
6673
6727
5077
4856
3261
7231
5470
4303
3741
7654
1966
3562
1791
5982
79
1254
106
3200
7554
4124
7292
7374
3344
1343
710
85
7916
1814
2269
4257
1014
2997
158
7343
1367
383
2852
654
4402
2348
1635
850
4934
2043
340
3907
5869
5552
1832
7386
1170
1233
7766
7933
3227
3247
3354
6908
4176
643
5033
6598
7337
561
3630
2943
5024
4321
6258
7365
4784
1656
2565
5312
139
1051
931
4079
3599
929
6247
4412
5297
1986
5569
3004
7809
2891
3334
7304
7761
5344
7116
4087
6274
7584
1123
4888
4285
6
580
4927
1340
7311
3318
4420
3201
4652
5183
6816
1727
6735
5138
2978
2771
5924
6488
4669
1476
4093
1624
540
1099
7098
7673
1950
5342
7992
2174
6493
2680
2765
2026
2135
6770
6833
4078
6802
4264
3553
2988
2200
2786
6269
4543
7148
1981
3603
1983
3616
2712
2819
3928
2670
2973
2841
6025
7694
4735
5847
3893
1341
4050
3140
6524
2796
4824
136
21
3645
3077
4069
2630
7487
6367
6995
889
7715
16
7310
6161
131
4917
1260
3573
3195
7858
5524
3571
1292
3614
6039
5090
2406
7974
5287
