3841
7215
4823
7486
5417
5817
7720
7004
3906
6557
4837
1589
5223
1363
6643
6124
4244
2215
3766
757
1073
6319
4936
7009
4907
5549
6933
6075
4770
1625
2199
3231
6424
1754
628
1818
6358
4950
937
2340
2098
7502
7829
2939
232
224
1132
6693
22
7639
4665
2787
1392
3468
1552
4463
2201
2767
4150
1726
7798
6076
611
3819
7214
4972
6014
4249
3146
904
7619
6707
2905
2916
47
3015
1764
3804
685
5627
1809
5893
3653
6334
3364
2290
1475
6540
4947
1027
4812
2052
2029
6281
2731
4057
6694
7470
2998
1357
1025
1331
3800
3063
2875
5107
2431
4017
3079
102
525
426
1708
7277
7759
3447
7778
7859
172
5114
6863
699
6583
1588
4407
51
185
1968
1674
4116
4704
6941
4405
6672
4261
1203
496
4134
3666
30
112
5493
7604
4960
4644
6860
5199
3501
4365
3700
1512
3959
7972
5294
5338
551
4238
1074
4443
7288
7381
612
3507
3593
4107
447
3857
1826
6988
442
602
2810
4618
3558
3032
6287
1350
3600
4656
3002
6637
6530
6585
1657
5495
7274
3123
411
2652
2403
3199
2910
2941
4268
1701
7138
5387
4713
5012
5605
2464
3408
3005
3877
4633
865
3016
1072
3874
6543
6149
5047
1457
5631
3811
6066
4834
1574
1056
483
4035
2175
97
3460
4930
6393
2412
2738
6034
7422
6063
5334
3310
1365
2856
7777
308
7703
5143
3189
656
7501
6600
5501
7089
3578
1782
1278
353
7559
3166
7921
1297
5062
1860
5753
1486
3677
1524
5492
5921
6891
1137
3575
2049
7348
4894
1284
1989
7793
6991
558
3719
3960
3426
2356
6869
2870
5655
4347
2442
1272
491
425
3061
6730
1536
6516
4537
64
2058
6728
5599
4195
3038
714
458
7483
7637
5025
6969
4233
4742
6946
961
5375
2963
2618
2222
2886
1192
1796
1004
2011
3784
3894
3990
1560
5056
4881
3791
7100
4528
5738
5802
5117
7571
589
1262
1848
3974
3848
2682
6715
5049
7060
1545
2996
603
7204
5093
3136
7581
3771
6455
5113
4671
7451
2161
6237
3622
4895
1846
528
2061
7367
5575
3436
5978
4903
1223
3094
3438
7764
1225
4979
597
6983
378
3233
1741
283
4140
6114
6817
5288
638
5431
3926
93
2562
6375
7801
5003
7938
4775
5604
2062
4460
2799
2809
5432
6238
5694
5000
4990
6849
2441
7127
3380
154
6567
7141
5146
454
3663
6914
796
3243
3743
7911
6505
1394
5011
6835
4498
7101
7661
7677
837
5373
1445
5013
3406
522
1035
2756
6182
2807
6682
193
2296
7474
4951
2764
6893
294
848
5118
4445
7433
4208
7121
3820
1301
7010
2326
163
1933
7455
6371
407
2553
2188
1958
6097
4715
7622
6473
1612
2620
4626
3699
3241
7783
5986
1532
3485
3901
320
5901
1480
4643
4926
1559
335
3093
5144
2023
825
3489
6789
6767
6881
648
412
7073
6129
4258
4286
3606
3096
4910
2801
2087
978
7775
994
318
2641
6717
2568
4653
4756
1400
884
7901
4641
7191
7354
3555
3282
7407
4613
5979
2398
99
1265
4335
2692
7080
3889
4906
664
3490
4857
2081
713
1539
5311
1959
3430
2301
5621
788
2746
5213
3721
7989
1984
7946
2747
2949
437
6699
4245
1777
6122
866
3454
3392
5407
5911
1498
3102
2522
5820
3305
3317
4684
6820
5894
4778
7672
7674
3188
4975
922
5946
593
3798
3777
7244
149
3650
7924
2288
7653
4711
2155
4744
4986
4098
5464
6280
3401
6521
7855
5251
4527
4709
6878
4919
5653
2381
4878
315
4033
4044
2377
6361
1567
559
3467
5267
5140
1894
6915
6812
3794
4900
706
3405
7137
7729
3139
4118
6579
1165
1336
4296
6546
4425
6284
1133
6625
2093
3513
1755
3130
1305
7291
4831
1632
4920
650
6513
781
7419
6963
6665
6628
2754
4455
3868
7500
2358
4312
206
4592
2022
1878
4159
3429
6116
6199
639
1033
7117
5732
4899
5634
148
6099
7587
3488
7216
5925
6732
5709
3665
3750
5899
2990
6800
747
5073
6679
1065
5873
2294
83
1179
4661
6171
7376
445
4130
54
1682
3657
4388
6951
7762
1153
1729
3783
1737
5990
3613
1280
7462
5545
5708
6253
5942
3651
2661
6975
2563
3883
1043
5007
1798
68
6214
7175
7671
4127
6146
2986
4981
2259
5878
1364
2262
2673
7510
701
3288
2955
2223
7213
6349
7779
5380
5663
3163
846
2056
903
1581
3916
5576
920
3887
1946
4691
7055
7209
3930
7358
3847
4509
1193
345
7326
2100
1092
7562
7303
4256
3185
3456
7186
5976
5523
2675
1902
358
5711
5803
6398
7361
4514
2108
2413
2640
7717
7509
556
6809
4716
1730
854
1641
7228
1775
2118
959
7226
4683
6723
4500
2811
2833
2481
7147
5737
1879
88
6926
1010
6072
7078
5456
4761
3078
6906
6510
5230
7018
1222
1266
4655
7192
3402
762
663
4029
4129
1676
1372
2202
6104
1360
3276
4166
5054
5998
5156
1138
7521
770
6547
7630
4333
4846
4805
142
6008
5948
6120
6265
2178
3446
289
6626
7662
242
3773
3818
6827
7540
7118
4959
895
150
539
338
6746
7136
1482
4493
5435
1757
5197
6102
4030
4090
3441
6792
7782
75
720
7631
2230
2439
7750
6027
7863
2967
4789
6461
7485
5306
1497
4344
1518
362
244
1094
2313
2834
6740
7380
4453
2321
1386
3278
1152
5386
1420
864
6437
2526
1485
3299
7590
3054
613
2637
7185
3509
826
2123
15
917
2
1724
1845
2415
3058
1665
5225
3890
1889
2582
3263
3831
5571
1629
7713
3633
3745
6781
5127
1792
888
2067
6700
5685
1031
6374
4378
5718
724
2151
4298
4393
6458
5932
5343
2328
4487
7135
5219
5289
5272
7035
5260
3953
1758
3107
2507
3690
764
7881
6327
326
1839
6206
3577
7403
1508
5169
6575
5259
2218
4232
875
6698
6538
346
3353
7711
1459
3393
3357
4485
5754
2329
4097
2953
4055
4674
1502
4289
7097
7706
2242
1671
2283
6322
4197
1645
7942
4461
3967
3325
6478
6233
1509
6752
1369
7259
7050
4867
7725
6457
4620
3361
7146
1852
6642
7156
1205
2459
2516
3400
3076
1505
5972
1673
405
1954
6394
5973
1580
3977
896
7086
7700
3604
1162
1433
188
1934
5216
3245
6503
6636
5780
6509
3236
3135
2411
5792
2653
3449
6343
4890
2752
4847
3583
5830
155
661
534
5903
3313
4992
2702
4179
6154
3866
1001
4813
5031
1376
5779
2589
847
1687
7915
652
6239
5262
3746
4313
5733
3828
5229
4501
3358
53
1853
4059
669
5939
2171
2482
4052
5613
364
6147
7872
7954
1582
2126
2794
5913
6601
5833
7929
1161
543
4308
3796
4675
6685
7575
1748
7126
2650
4859
3808
927
2308
1648
6676
2409
1901
6410
3034
7738
3505
529
6211
3487
7481
3391
292
5846
3879
693
5147
2314
2245
1070
3512
1736
2371
3104
5271
1182
3528
4850
7760
6892
3852
5740
566
4902
1154
1849
2038
3762
1066
5682
2289
4606
4513
4798
6418
2433
3698
4192
7928
6907
1407
5724
3707
5836
1620
4569
7533
5358
5622
1184
7279
4010
530
1071
7184
6010
3251
7396
876
1823
482
1
5611
7074
1939
4080
767
3259
6745
3071
2898
5587
3311
4689
4366
7394
2882
2521
2375
975
5670
7351
303
6180
4932
552
6004
2842
671
2820
6837
4068
4731
7150
5703
397
5461
3899
7922
3092
3845
5192
1346
3654
6235
1911
868
332
2225
4225
3022
4786
892
2878
3508
6814
1876
2251
881
7968
1307
127
2113
5057
5573
6794
3101
7816
4921
310
879
5645
6477
7387
3143
1315
7794
5926
3443
5462
6373
2704
6376
4143
5881
389
4609
1795
2110
1352
5639
2027
512
1303
1913
7991
1296
5758
4034
7190
6282
3810
828
7688
6313
4870
1565
554
2923
3882
4102
7058
1229
288
797
3946
5697
3896
6862
7912
5840
3493
581
235
5614
6589
5266
777
6350
1595
410
5565
395
7860
256
192
2844
588
3787
230
3178
5910
5359
7408
5444
7344
4821
7251
5068
6003
5133
3806
5950
1808
7525
840
4490
17
6496
2064
204
803
472
6273
4886
6291
2600
3249
2884
1797
7891
2733
7702
5352
6468
2542
1554
3187
1965
2455
5845
4417
2219
5061
2774
7149
2935
1217
1160
3640
970
6677
6918
2479
842
2355
3891
4755
3218
3824
6920
4524
5968
4242
7789
3042
1428
1885
2209
1947
2947
380
666
1221
5255
4648
6200
5746
1198
4135
7298
7772
3342
257
7282
1140
3110
1646
2212
2538
5548
5723
2737
3903
1096
4612
5484
6012
4801
4101
2580
7353
4112
3913
5898
6346
1877
6255
6660
5864
191
7593
1583
2271
4734
2657
7640
5422
6552
4121
4218
4554
3598
932
3618
2792
3395
6801
5044
423
3895
6316
6204
729
5791
3751
5481
2467
3723
7090
1731
415
3659
4839
5485
147
5136
744
1725
322
6134
2097
1473
1910
144
7287
2353
5823
1020
5063
5879
2806
5556
4649
1351
462
6618
3658
7854
2305
6518
2911
373
768
453
4354
4595
7025
4607
1630
3641
4681
2770
1113
1353
1662
7281
5870
5626
5384
5421
3789
1194
3370
5959
4825
190
737
7131
4065
859
1166
7336
5196
6866
1481
2560
3297
5050
1683
5656
1189
5139
7220
5553
3072
4505
3404
3420
352
396
157
3365
7319
4557
2195
4160
7346
7530
6484
6452
7519
3182
7542
4223
4119
3476
1019
4544
5609
3747
4694
5504
6948
5991
5704
7464
921
7771
5546
5154
6056
6084
