1644
1724
387
334
79
121
1983
1349
1280
994
1195
1625
1401
2018
290
1207
165
464
80
1539
139
2037
1375
770
2019
1498
1854
1902
1862
1811
1517
609
1286
878
1024
671
1534
538
361
1664
984
1933
1191
1455
1659
1100
1670
167
1337
163
1435
771
1741
815
8
302
1549
879
1388
716
1026
730
1642
593
632
649
562
1426
1662
501
1130
69
1411
316
2048
1324
1658
1688
1728
1125
1559
1502
1091
1507
824
482
963
642
1220
1716
116
1590
640
222
1440
1708
923
346
1640
1323
2071
1505
982
2094
355
889
1709
787
264
102
910
1119
1107
1277
1695
2003
269
1122
1694
1273
1475
1649
1169
1853
1354
1705
333
388
774
490
184
481
575
1454
1309
839
1823
1540
1083
546
1974
1265
901
570
2099
1109
542
1887
254
476
1871
323
2038
1573
1864
618
924
188
863
1521
897
1908
934
906
1153
1959
881
180
1198
123
1994
1822
1500
721
1295
55
1317
1129
306
1260
1301
1988
1627
25
353
371
1334
711
135
41
1677
582
859
1962
1410
1347
1845
1231
1942
305
682
1406
1525
1362
411
113
4
1012
700
999
168
2000
1529
1764
452
1548
1392
1518
767
647
34
445
1672
1085
2014
1205
1302
281
801
837
1285
277
938
1358
1569
917
223
460
332
15
909
905
554
1118
505
968
1602
2008
352
1700
1710
413
1070
1459
1717
408
1597
781
736
804
321
688
251
729
1270
1077
1158
1731
1968
1873
149
1554
856
1565
73
1481
980
714
1361
591
1725
1676
1771
990
1947
1471
344
765
336
896
903
1698
701
1135
746
227
744
1080
174
2035
76
1511
1439
739
572
391
1851
1174
358
1791
218
1297
1344
1049
854
1247
577
842
673
740
715
1560
1985
798
1016
1740
1276
1161
1636
583
1038
949
940
1472
1367
108
1282
182
56
1812
1079
29
22
1005
1473
158
141
1801
822
1757
1797
890
131
638
1365
1876
1386
178
28
1611
176
1758
1739
870
708
1082
633
5
979
1953
1379
403
833
1732
543
74
677
155
2093
1944
1856
1363
2052
392
1703
524
1059
1803
1891
807
438
1269
660
1578
1789
960
2098
506
170
19
70
507
1752
453
90
816
1204
512
283
811
183
1255
613
1036
1150
1645
434
239
369
1155
1660
1955
1605
1857
1869
1577
209
255
372
226
2034
1609
662
894
1194
398
193
435
1035
600
1600
1320
914
840
1981
1723
337
1307
461
1165
447
454
2090
1878
317
1626
1989
1759
1639
1190
285
1369
783
1697
2066
2004
151
745
551
1232
266
763
1571
757
1144
247
1341
502
1056
1852
1734
1003
171
354
1707
382
1162
1287
652
1084
1074
2047
886
1060
809
1042
535
1476
1022
1159
400
608
1833
1815
1867
1318
150
626
1779
130
1106
160
620
2061
418
957
1895
1377
59
939
1850
2064
1013
1101
359
742
1574
1138
370
1146
996
2031
1872
838
410
1535
1461
1262
1164
1011
634
64
530
484
1957
727
1681
1403
656
773
1405
272
952
1783
749
1294
1209
82
1235
1448
1760
681
1494
397
526
1654
1246
1124
498
1524
1841
1105
803
495
483
1768
2020
415
118
2069
1310
1485
45
212
173
555
303
1545
1490
450
1950
1906
698
1584
761
558
1860
280
1148
1296
