8
171
223
1174
916
1856
1887
465
882
1242
825
1348
411
1341
1833
203
565
476
562
339
86
413
1092
1816
1547
1150
672
116
1456
895
1779
1973
1975
452
875
1592
865
1445
1773
498
427
1248
887
450
1848
1941
814
1083
1288
1599
586
117
1333
1084
292
1560
1303
1852
1180
104
1274
1515
1278
356
1065
343
784
930
879
1386
1199
1
1770
918
629
1207
1821
125
387
1795
628
1056
295
977
308
714
244
971
602
372
915
934
1913
14
1758
767
1082
424
1269
1079
228
966
1492
1926
44
246
698
270
256
1628
1186
434
118
1193
1296
986
1342
1701
18
797
283
241
354
142
1790
42
1711
1961
509
334
1683
1901
1927
444
1185
422
987
982
457
1172
600
1454
1301
143
1326
955
1470
1055
870
949
1447
1276
428
1831
1331
1656
499
1263
1919
1451
1911
625
785
852
1910
1614
1230
1362
1010
1879
277
1491
1430
1482
744
995
651
654
1425
743
456
790
922
872
693
745
1001
842
1006
126
304
1989
1825
546
1662
1412
227
1060
1466
585
1476
829
338
517
147
404
460
1146
219
349
1213
1841
989
268
13
9
1309
1188
284
958
1767
1123
704
968
1047
202
1582
1681
533
1884
1132
1020
312
1672
590
1888
805
1415
1435
1722
1735
310
1793
1196
224
618
1533
1922
860
700
50
1292
709
1954
1762
1956
1892
941
1208
591
1403
889
1521
1361
1457
1536
573
82
663
1104
1601
1554
1094
1490
1473
385
774
60
1704
1481
576
532
350
1907
1694
1564
812
993
1149
981
753
834
524
38
518
21
471
1053
1743
155
1952
1260
1380
1898
1970
433
876
1914
169
1315
1988
45
1629
1312
564
1750
1709
1373
561
569
731
236
1639
262
908
346
54
1519
1375
1129
1413
1929
1840
123
1002
1801
985
405
950
1744
974
537
1843
706
1181
634
1008
1226
1659
1728
328
1115
1049
1086
1224
251
337
1257
928
357
220
425
1103
230
551
1978
98
1291
685
1302
1757
828
468
124
1740
409
1950
1508
1866
917
582
1120
109
1537
1718
1506
