948
1048
824
874
1858
1436
1404
1576
253
399
74
1465
1045
898
1062
1400
1398
1646
1832
794
1330
1434
855
1085
189
1036
440
1074
589
1116
275
1264
191
1017
1286
827
192
297
157
1344
69
245
1615
1216
1559
257
469
351
1323
1122
1918
1041
188
557
255
1232
1414
1190
1967
1636
1644
1555
988
2
479
1525
1503
1850
1030
1081
1246
1209
1752
216
1716
290
632
1437
676
1567
140
1304
325
1917
97
1130
178
884
1630
500
494
1184
1689
553
1727
1983
73
1471
34
1111
198
335
646
1444
1424
819
857
878
23
480
175
1968
1809
1670
818
1996
854
153
278
169
738
1904
1854
1043
89
1586
379
382
397
858
139
1271
806
137
1399
1365
1580
1145
1290
249
196
289
1395
1577
1667
165
1546
5
911
1156
448
648
381
185
639
95
1346
1011
605
1781
1746
570
90
1462
1880
776
1387
779
804
1812
58
281
1870
254
1343
615
795
1676
1894
1087
129
1034
1313
862
1459
823
463
1783
1565
1091
1480
386
1422
