1094
225
32
549
1922
1948
1366
278
1973
1793
1121
1495
1188
1423
152
676
1794
636
412
797
1203
1721
1956
1390
594
1925
1766
380
976
2063
983
244
101
307
443
350
1671
1087
356
2054
16
764
157
365
200
211
891
1413
107
1373
2056
1248
1043
1631
1032
726
1863
705
1653
769
1907
238
1714
1497
284
2023
1747
43
1575
1225
1547
855
1633
1977
66
1412
273
106
1754
898
587
125
1586
311
1884
1081
30
571
161
1133
1017
2007
973
1351
1680
1652
1007
318
229
2041
1755
672
768
1226
1421
282
1756
772
1393
216
1356
1243
93
928
1147
1770
631
493
1616
1665
529
1199
420
1924
140
1224
1184
1861
287
1149
6
533
1893
1359
1048
1127
687
1796
1284
21
267
1212
869
1643
1712
1416
1523
1601
1972
1805
44
1408
1546
1904
699
719
203
931
2089
1773
1687
396
1062
887
1828
1055
1561
1598
617
27
1978
1368
228
857
1813
1623
1537
641
1217
561
788
802
2086
172
427
851
747
1572
927
177
343
635
1865
560
1748
1838
1692
1551
989
532
1533
1441
1097
189
470
820
1072
1984
1404
1004
271
1090
1242
194
2050
969
959
1743
1333
651
1778
948
1234
1785
2017
874
296
1326
258
930
1889
536
1208
888
1436
900
858
1619
440
77
1795
250
970
1211
895
974
818
1385
1251
98
63
14
992
2027
786
120
340
654
421
456
1514
1197
1866
235
574
50
457
1051
2010
884
143
1221
1798
431
1504
1264
918
156
1621
2045
497
2081
1846
104
954
1463
1163
1040
703
275
304
741
1116
1177
1433
1859
690
1738
196
1484
1200
385
292
709
219
395
1417
997
1424
919
717
1693
1816
1941
2076
1019
1303
1001
1230
381
268
724
864
1897
1110
704
1329
509
1342
1014
1186
1657
1192
511
26
1434
1690
132
1701
1629
373
233
154
1381
933
821
1617
1065
875
827
1966
987
36
1800
475
1114
1499
588
1325
1330
1817
236
1909
1599
1780
2049
1458
597
743
1729
1663
1715
663
1916
1699
627
674
926
1746
485
623
423
907
1745
1311
2058
1848
679
697
1339
2088
1202
1570
1580
201
795
240
1686
2046
1939
298
257
426
1382
831
1713
2087
1488
128
621
658
946
1088
1614
37
775
993
110
1673
1836
441
1218
169
883
478
324
57
1530
1143
1790
243
860
325
2039
428
685
585
1073
885
1415
1432
614
12
955
1826
540
1921
752
710
615
185
39
2073
1541
2036
1229
794
148
1685
1050
439
1647
1630
1160
1266
1567
367
580
686
1506
1254
734
977
112
563
1492
1187
314
1181
646
1550
109
1292
1526
429
1810
598
1029
1214
847
691
517
1532
217
1126
595
1827
975
655
