1861
7669
3051
1442
1313
3172
871
3918
6994
3075
3797
5159
2605
6563
1931
1411
111
2515
7223
449
7936
1243
6641
6712
1873
2721
7687
5366
2194
1126
1197
4125
5542
6448
7596
7005
4248
1488
4952
1333
7398
945
3384
7647
3242
6500
5221
3692
1693
164
1973
2802
3205
6769
3124
2525
7905
2303
6929
376
5072
48
5761
4658
3631
7390
2532
1937
5189
1264
63
3089
4974
5712
4277
2139
4754
5659
7048
2198
55
2491
4224
6283
2116
2776
6298
7692
3867
992
3939
5778
1841
7868
930
4629
6252
1562
5452
1474
3647
2233
7894
7744
4625
7240
766
2678
4723
1007
3234
2408
7342
7724
4772
893
955
1124
5097
5439
1906
6170
2991
2277
4439
3754
634
5669
2762
7553
5809
4553
2645
3379
6738
4877
6169
3148
104
1969
623
433
6312
2757
4706
6163
1055
4938
1440
6310
1857
5595
1740
2662
2338
3439
6402
5508
5558
448
5478
4352
2278
3008
4996
2531
4810
3421
2615
5392
7019
6857
689
2111
3912
5839
515
7068
5728
2546
5935
5579
1596
7517
6719
2476
3710
1181
6587
6788
205
3208
7153
5038
5661
6465
6006
7842
1178
5217
4088
6386
5428
2186
3733
6807
2716
2917
3648
1891
1337
6236
7952
6844
3691
1109
165
6272
6790
5277
6710
1929
3671
5516
3971
3255
5296
5716
52
5731
4305
4259
2360
6261
3301
4368
7013
2094
7757
5860
743
1143
802
2617
805
5308
1971
3688
3153
3837
6592
3144
2909
7260
7620
7820
2016
237
1009
6584
1416
6231
5092
4949
6263
7114
5488
6344
1414
585
2848
2872
74
3134
4896
3942
6942
942
7919
2316
4807
7299
807
838
2432
87
6449
7027
7910
2981
4254
7329
347
4260
6989
7878
5947
1321
3717
1148
2950
3475
4262
1864
2249
4815
6482
7506
6803
2720
716
7722
226
279
1586
5960
5427
1956
5449
6612
5238
621
1484
4523
7384
2470
1593
2498
5636
6189
1975
7256
2274
2683
7271
5010
2150
1103
6550
3526
6002
880
4014
7212
6537
1029
5355
2610
2457
7345
7600
7825
2114
4362
6614
5934
6739
5076
3046
7108
174
3625
7536
2361
7515
7558
7988
3932
5619
672
6295
5557
5106
4106
1114
773
7499
7262
5965
1024
1067
1785
7824
1530
571
7255
1174
2037
1506
351
2717
754
5630
6033
216
3840
1639
5089
4
1202
1003
5665
2276
3289
2192
1961
1551
3386
1759
73
5399
1057
5519
4550
3492
5970
5681
5279
5191
3888
4219
4944
2907
2666
1615
4446
6919
2083
1017
6545
7484
2597
4201
5490
5908
4491
7603
7423
1226
4922
2719
2387
3281
2726
1424
7325
2179
925
4682
3229
7079
6954
2280
2623
3788
5566
2452
1834
6774
5730
5531
5567
3324
339
6467
6186
2427
7020
4212
6198
6759
5560
5835
3537
5902
6485
6019
1821
1180
5664
4198
6000
7660
4818
317
7177
2571
1766
6674
7171
6949
5319
3661
586
6836
6959
1907
7902
4617
169
991
5518
2351
7438
2573
1631
2579
4401
1366
791
1995
7837
1704
4826
4436
1510
70
7071
3736
4427
4852
6980
3875
3388
2838
1399
5383
733
6086
4719
7930
1080
5195
972
2092
2014
3765
5085
3944
5453
3228
2494
3948
6294
116
464
6217
7490
3908
2099
1691
5379
572
2534
6669
6539
2004
2160
2528
2567
3398
531
6992
1974
1241
5302
4406
422
5536
6804
5015
4287
2827
5094
3541
385
1145
1358
2024
6875
3433
6588
7412
5041
7445
5082
2703
240
5179
1249
3417
7003
3920
4437
5472
6822
6923
2167
598
5844
5969
3052
2430
2364
1827
1252
7411
371
1771
5819
2040
4729
5736
1294
6093
5837
4519
5424
3157
1489
7940
5658
4586
5620
7539
4424
7176
5377
5532
6397
1604
3634
297
7788
6005
3954
2475
1079
682
4905
3350
4243
7091
388
4666
3676
7335
1696
6399
6176
3731
3756
4064
1893
3210
5872
6938
3579
4399
4830
562
6205
3615
2687
7821
2484
3250
4580
7698
1525
4726
5515
5171
7556
940
1403
7608
11
2473
6971
1855
5751
6221
548
3921
7133
6203
3898
5273
2203
2748
3752
7504
5800
3425
2541
2335
1608
2730
3
1016
45
7272
2817
5591
2548
5299
6689
1422
7739
852
7961
5777
6560
2962
5884
2744
7567
5416
1917
2224
5473
3832
1829
3039
5078
6890
6903
7242
5895
1728
7459
4841
4435
1996
5263
7503
6843
7705
5744
5177
5349
4982
6459
3860
1018
5923
195
6970
954
2676
684
2323
5494
4328
4749
5200
6613
6768
3502
7679
5231
5134
6023
2644
6734
5222
5486
7054
2883
3253
69
4371
789
928
1116
6304
7372
1577
2550
6351
819
2128
2724
6215
5602
5618
5206
844
3737
3919
7746
7416
6868
849
6687
3986
6432
4241
4619
2392
7008
6364
7167
5324
7017
7370
7181
1637
5766
5993
4777
7225
3911
2331
3728
873
7877
2378
3372
4202
5110
7971
500
2628
4548
2583
3474
6593
366
4185
5887
5243
3037
3030
5019
6940
5749
4324
674
5582
1492
6250
4793
2880
3484
267
7629
3345
1146
2585
2327
1773
5292
3591
6721
7428
6606
247
3697
520
2031
4506
4931
4356
7691
7690
1962
5253
6611
6152
6157
2698
3978
3957
6419
4056
4282
1994
6855
1884
6245
5652
6671
755
7897
1870
2924
7561
6303
1720
6427
1412
2772
2084
7808
5241
130
117
4364
7765
2601
857
480
810
696
6177
1122
6138
5585
5115
6333
6191
2584
4558
3461
2138
5538
2142
6030
6599
2626
3917
6035
6859
161
4739
7203
25
4440
1044
1622
6140
4923
7431
6435
4028
7838
4866
7395
208
7106
5303
2859
6525
5764
1462
2956
924
6079
5388
7441
348
4802
6414
1558
7406
7862
6638
469
354
3060
7132
2893
6659
769
3544
2447
7534
4874
6324
4814
964
6522
2674
4893
1790
6126
443
33
1652
4385
6574
7583
1863
124
1668
1251
2073
2443
1371
6492
5684
7689
6185
7410
4074
6293
4071
306
1886
5856
3668
2163
963
1627
7239
198
7227
2800
2345
305
1464
5045
1186
7224
6497
6278
222
3442
7599
2566
2146
839
6369
827
1322
2783
4041
3969
2339
7993
1618
2663
329
5081
7753
968
418
7399
2951
4060
3328
2685
1185
886
7541
3655
4390
7680
653
4631
5826
392
7102
3378
6366
4880
3549
1699
1048
3303
5188
3494
3531
2887
4639
6508
4062
1195
2805
3374
7758
6743
6190
7312
2140
632
728
3536
3333
2927
7514
77
7401
4294
6776
7718
7741
7649
4690
2241
5874
872
957
2287
1603
2915
2231
909
109
6615
6403
3964
4152
3596
7943
6519
7180
7440
1147
2999
7967
7475
5004
128
7199
4758
3825
2900
626
6022
7875
6018
3477
969
6201
6299
3270
5404
1655
1517
3945
7964
3807
3564
1268
7163
3049
1522
1606
3184
3681
3694
300
2105
2616
6336
3801
2890
4047
7626
1246
3290
5448
882
3514
1419
5592
5680
5789
625
6089
5331
7518
7104
2977
2184
7615
1500
6113
765
5234
5500
7569
1050
4206
2068
3099
2648
3117
7853
1129
6242
7313
4662
4000
177
4510
979
5353
4188
5855
2386
7856
2830
7151
3595
202
7448
6315
6277
5871
1053
6081
4200
7597
5885
1427
1856
7415
1438
1993
5102
1786
785
5409
3226
4792
325
3755
7263
2816
4217
683
60
1308
5401
5997
6073
5181
662
4040
3782
2500
2250
1888
6644
3995
7719
2607
7364
7726
1951
494
5961
853
3145
3266
3937
171
7728
3909
1887
20
3238
7002
7307
4384
2156
1550
891
4559
3900
3635
3419
4733
7077
5180
631
3413
2987
3931
5824
5905
6109
4053
7123
1628
7642
175
1746
7963
7732
3768
6372
6675
5693
3557
4351
6332
5264
168
6901
1256
1820
2270
1686
2183
4939
6902
1034
4882
1332
5307
7976
4865
6950
2604
5784
4326
170
5747
509
2193
7598
7682
1011
2229
7904
3581
6924
1319
7355
5688
4845
4911
5172
4120
3742
5346
5648
778
4288
5796
5729
493
5185
4889
2555
6631
2238
3601
1636
760
3080
5643
5559
5160
6128
6925
5629
4885
7254
4738
7276
5896
120
3871
1263
4045
7143
115
4113
1945
4534
4797
2638
1306
408
7675
7439
7651
5130
5046
815
1112
3225
3565
1760
7096
3331
6471
4481
6405
5679
527
2572
935
1402
5581
6668
4341
3815
2462
1564
570
3045
6921
2009
3010
4020
2861
1413
4892
5283
7865
4423
6300
307
7932
3538
5471
268
5615
2846
6568
6061
6824
361
4189
726
938
7941
4545
2743
2213
4306
4767
1938
6036
7969
2694
2410
5009
1150
7892
2006
3029
2394
6596
1663
3275
5838
996
594
1075
4762
5164
173
590
966
1519
7466
2888
7822
1713
708
