850
894
929
1229
1774
485
1719
552
1838
1336
1306
757
286
905
128
732
837
554
1923
75
1396
371
183
1955
426
1417
1889
853
172
166
796
721
1252
1489
1158
315
373
1603
358
67
1134
1044
626
992
1751
1706
760
1806
925
1960
937
1066
1420
1596
1789
1895
16
912
1610
57
1987
1953
921
1844
85
1558
111
1273
910
303
342
1195
1411
1828
1874
1916
1655
1135
746
1715
1366
362
429
1624
1653
623
65
1247
1782
670
1634
658
1995
903
1680
1360
943
1268
923
136
1075
1106
10
446
1299
1327
633
1351
1958
1805
838
306
1645
927
1018
1865
1868
1063
415
43
807
1705
1088
896
642
1934
1191
1381
1671
40
269
1405
1169
669
1308
534
1255
1098
696
1072
1423
395
1602
1231
1337
1861
577
1383
481
163
1061
138
716
484
514
548
1945
258
578
952
1449
1595
1878
1275
1005
1163
1280
536
161
1788
1608
613
214
1541
247
549
877
999
946
355
1893
1836
158
1772
37
652
1236
1663
1936
1077
1661
282
56
363
1378
353
1643
1137
772
1372
1335
15
638
1032
1660
1658
1035
1265
1966
412
1262
845
761
1240
1804
1566
470
1925
301
1019
451
1256
1957
1997
31
758
563
1556
1703
1908
1542
953
1329
907
752
