514
7402
3500
5868
7834
6379
7495
1470
3000
4300
7800
6251
563
6754
6340
6961
2448
746
5699
5666
694
5958
3160
4414
438
467
3961
1448
3055
5445
214
3181
7827
3872
5361
3202
3873
4787
6927
231
6382
2851
3861
1045
3897
3115
1836
4822
3483
2850
6713
4602
2035
368
5811
2734
6815
7876
6831
5964
1447
7742
2008
5186
4265
3580
2862
189
4957
4359
6937
3152
1215
4482
4929
4073
5298
6667
2964
5886
5912
3165
2985
5522
6565
5205
1599
4616
7321
655
4703
2164
4310
4552
5083
5890
207
6041
7643
2691
2454
5060
3445
463
6232
5617
4705
2948
1926
7471
66
4759
7749
6842
6896
5814
3164
3904
4540
6244
3336
6514
610
2437
7229
7817
2914
7966
3028
936
1248
2291
5095
2551
5590
4817
6260
4411
1753
2090
3525
5410
6136
6053
1069
6210
5018
4751
5438
3343
5
5810
5162
114
6871
5689
1304
2472
3627
4750
6069
4415
2003
2414
5210
6570
2780
609
7849
7391
6697
6662
2667
3162
3472
4327
2913
417
3174
7970
461
6183
7813
3834
4721
5772
5994
7532
7000
7349
821
2373
6440
4302
5848
1235
7740
3108
2686
110
4180
1507
6905
4196
535
1940
5382
4236
742
5122
858
4419
2599
5949
2424
4477
2537
4941
3722
2920
2300
6880
538
7697
7707
6103
4183
4469
4382
6955
6454
519
1081
4058
384
40
1444
3607
2207
6652
1274
3371
5957
3566
1742
12
6318
3520
1768
7743
3206
3696
4431
1575
2606
4025
7294
6352
6861
160
1883
1425
1898
5155
7444
2742
7616
659
5540
5799
1324
2051
3480
7763
4252
4637
6571
6392
3862
2189
7333
6229
6348
5992
7024
2368
6765
6778
3563
776
2071
2221
6068
624
3869
1890
5671
7730
248
7107
5258
2892
4165
6704
5721
5220
375
1541
1149
5023
1431
428
4345
7479
4237
804
5400
5497
2374
2860
6246
1644
2143
5104
3203
3675
5637
7866
730
6690
7366
782
3257
1520
4942
4013
2877
2785
6337
7067
1613
2660
2559
5208
2480
1287
1490
2148
1751
6264
2496
2520
2366
4292
4863
732
606
547
1794
7666
5280
6909
6111
2804
1718
7602
5278
3280
7434
616
573
4024
3105
1460
5137
6413
3816
705
6532
7979
6249
5313
1621
3610
5649
5458
5074
861
3059
7994
2053
6755
823
4546
5381
1361
5108
3198
7461
1013
4935
6619
1238
1822
5624
409
2032
1980
7183
92
1643
6148
6586
7812
1344
4145
2587
4075
1871
1960
1843
5193
2211
6825
7134
3465
6268
7507
5295
1471
7031
5022
5084
2876
4089
3510
1443
6549
7065
402
6085
3158
3190
2089
1041
7803
5332
5897
5807
5741
5570
5827
6986
6810
2045
1812
2968
3846
4511
1721
6939
1200
2974
5914
7442
2952
4517
4375
4315
587
7041
3363
6256
4203
4725
3682
7129
5014
5087
3407
5535
1290
2659
943
5513
6851
39
5936
5842
7721
7670
2297
7754
7155
2133
7383
5507
4131
4269
645
5317
6443
6720
6590
7934
2405
81
7318
7246
1880
2688
7059
2622
7178
6407
6889
7140
7645
49
5598
6749
1921
3968
1108
4063
6965
5633
7122
3396
4222
10
4117
4741
4193
2919
2519
32
4451
1216
4343
2383
5145
1976
4542
3155
4194
5672
5752
4019
4374
1685
4853
1167
2853
774
7716
403
7708
2938
3450
1487
6213
1275
6314
3167
537
6640
6356
5363
4433
4869
6507
1672
2992
6750
5676
132
2591
7522
6285
6787
1247
4766
3068
3935
3023
2965
8
6127
1102
1647
4782
3367
3693
4251
4484
4123
4565
3674
6230
7998
4276
2050
2041
7170
1897
6155
1441
5813
3069
5163
2401
4780
3066
3590
4774
4077
5330
5088
6773
7879
751
2449
7125
321
7309
1187
7158
6062
2453
3814
2513
2576
6335
4730
1139
7899
5787
6031
4627
2984
4076
5735
2619
3588
4008
3062
3377
3586
7768
5554
1587
2777
7001
824
6044
2813
4177
5244
7389
3970
3994
4430
3437
3758
1988
125
1997
5588
6308
4138
2539
2423
7418
658
2246
7795
2465
6879
1667
5228
1745
1548
4887
1327
6856
1734
6541
818
3695
2486
1767
5275
5989
7152
2672
1749
7957
7087
1052
59
4452
7039
342
951
5793
7037
82
474
775
6329
1291
5832
3522
3550
3390
5245
4702
6973
5857
912
3706
3248
1936
2711
2983
314
1572
2611
7317
4350
3702
2458
6561
4632
1384
3339
4273
6632
5151
2390
7874
429
3511
4610
3729
387
7945
4480
4012
2758
3381
1450
6444
2369
4803
1597
1314
4928
223
1415
6806
6438
4383
1806
3024
2444
7128
7802
860
5105
6555
5403
7944
3637
6826
4226
7261
4916
7378
4994
1998
6380
5719
7913
5971
2961
1040
3927
4634
517
4474
4299
5071
7984
391
5562
2612
6207
6943
4958
636
6383
5176
7208
3793
246
7594
4174
138
2389
4635
450
4250
2320
1991
1967
7658
7592
4042
2429
787
3795
4560
3142
3683
3269
4322
1118
1987
6491
427
5120
2013
3753
7235
1609
1732
5101
4667
1835
1036
4497
2871
7238
946
6307
6990
2598
146
7605
287
2594
2781
3639
1619
1711
5269
1417
3348
3141
4971
1547
2445
2901
2821
2858
6818
7819
3533
5320
1298
4395
5952
6466
5055
196
5446
374
544
6791
7236
3856
784
2402
5938
2713
2578
5987
1750
5597
90
3459
7799
3169
2255
1430
3608
6100
4096
1769
1669
2651
5502
843
1642
3652
6139
4175
7973
4136
7028
2261
5781
431
1928
1199
1432
7124
1537
948
7164
1318
5527
58
5783
3138
2957
72
831
7871
2170
2779
7266
1542
1451
4016
2244
3056
4838
3865
1224
4987
6483
6964
5714
1692
3050
7053
3366
1811
7805
6385
3534
6751
3983
7839
7893
275
4410
5413
1423
4270
5211
2265
7997
394
5391
2254
7983
3295
7981
295
960
6049
6854
5322
2874
1061
3559
727
5944
905
359
3576
4046
0
4968
5345
923
4434
6556
76
7523
3996
3884
2428
4918
3767
6220
4561
5521
4389
1408
50
4819
5928
3570
6474
1540
555
5625
5915
2060
4495
5734
4413
2425
2318
5760
3685
7588
6591
7232
2506
7613
1257
5812
1244
1776
6105
6639
3506
4993
5202
5920
5477
1227
6311
5853
166
604
3740
5232
2157
1158
7044
801
3774
4964
7308
4727
4213
2086
1515
285
3757
1611
1362
2696
4966
6192
3215
1802
372
3204
4085
5371
5765
3212
5919
7467
7275
5237
7075
7221
4397
5170
3664
2930
2477
4211
6692
1598
4051
365
3423
2240
5064
2059
2825
179
5394
7051
3624
3214
2384
1722
4688
7030
7851
3262
1130
1120
4167
795
1087
2311
3910
1573
7544
7806
7857
1778
7432
7494
7733
6421
2273
4246
269
5415
7334
6726
1963
1253
3086
1218
6680
5564
434
518
3011
5233
5207
119
7160
1830
3585
3529
3582
4037
6107
1838
3375
181
3309
4191
29
2530
2775
5641
4161
5454
1688
379
7110
6578
2065
883
5252
897
5875
2066
1626
1922
6757
343
7154
5541
5103
5123
5805
3902
3687
488
3033
7368
5512
4745
5489
3662
476
6487
3716
6442
3725
4353
1992
3548
1323
4829
4149
7896
734
7189
7547
3252
4275
5647
5851
2070
7734
822
1819
1426
3956
2227
6480
7538
2533
7818
6248
870
4611
1388
284
3853
6305
4348
3539
3240
6396
6317
274
7404
4468
4168
4576
3111
5419
7447
2191
311
2488
13
3346
4334
7161
6528
4011
6623
7247
229
5865
4535
4072
1905
5980
4349
3209
5436
2894
123
6553
7218
2908
4897
158
5309
383
830
1302
1970
7606
6645
7424
5933
1453
6428
761
2508
3951
4173
1735
4651
5757
4049
1089
7023
1862
6475
916
2646
3053
7773
4710
7965
6158
451
6196
4099
6345
7887
4848
2046
1329
6108
4809
7115
7917
4587
4954
4584
3712
3131
3025
3718
5032
3330
1325
5385
877
2069
4680
2036
6095
2895
7293
1738
2937
5603
1799
5834
7545
6984
3116
591
4220
536
5360
2382
7977
7493
7480
1168
178
5506
2544
6850
233
7648
501
3704
5028
7482
2700
1591
6078
5412
4999
6874
3780
6576
1311
1348
5505
7996
2808
5517
4578
1579
6542
1242
3073
6409
6603
5954
7903
4654
7673
3091
7270
2359
186
5036
3924
6429
6498
7909
5405
1196
3822
6529
4530
5849
7832
34
2889
5080
816
2595
1990
1617
989
4820
3352
7498
4816
183
4642
4369
2380
401
4009
6580
7864
902
3567
1909
3470
6845
5632
6406
7088
7786
6227
4428
5129
3928
2502
7377
1478
6899
3100
1277
439
1801
291
1944
3113
6048
2021
640
2958
3499
3972
7566
7339
3989
4776
524
5043
2492
3805
7572
3546
3515
3644
5052
675
7196
436
6117
3703
2718
1063
7042
5606
7430
1359
983
4791
2768
660
3009
4515
1260
4342
5483
6234
5027
363
3323
1286
5079
6162
1368
836
6470
2912
