1651
715
1456
4141
4210
3958
7701
312
3230
477
243
7656
1650
771
6431
3217
7033
1770
1661
404
7425
2162
2899
678
605
495
1106
5184
5683
3300
14
2395
301
1649
7300
995
7835
1709
3642
1765
4235
7513
4670
670
6979
5601
1135
400
6805
1240
270
7289
7011
5128
4228
7217
6888
5418
6059
5578
6289
3826
4230
6779
565
6813
1978
4144
7222
6390
5667
7962
5318
6897
1159
1261
211
5465
4459
2357
516
6870
6051
6302
2826
7641
479
2759
2341
2033
992
6043
1326
4687
4532
7202
7172
2001
6017
2728
3594
3156
3355
7890
1236
4108
5496
4697
1605
7650
5768
681
2293
1169
3479
1467
3070
4006
4969
2419
2518
6080
1335
4663
2343
6286
990
3878
4457
7045
4884
7918
2739
2824
3320
7063
4467
7331
1858
6683
4696
5116
143
2552
2347
6998
3434
2588
2635
1435
5111
6566
6047
7951
5831
1463
1374
7621
4908
6605
3545
6224
7560
3799
6595
6966
7205
692
3471
3584
6391
4843
5364
1183
4021
6783
3332
1717
5646
2970
851
7826
7953
5710
7323
5544
27
1155
5042
567
5067
5425
7883
7710
4854
1844
6932
4555
2101
6630
1377
4722
94
5773
4478
2763
6935
6839
4832
1231
1208
1503
4522
4547
6526
7093
6520
7995
3554
3382
3383
4255
470
2980
2505
958
6554
6635
4879
4094
3264
6112
293
2109
3905
1521
1212
3082
416
7908
2286
4061
833
156
6775
2706
5132
2456
3643
901
1952
255
2773
5499
5547
1356
6649
7850
4707
4454
26
3667
7450
4526
2181
7443
3177
1556
7477
7796
2393
5261
2295
1977
3925
2656
2030
3764
4155
133
5750
5315
3854
5467
6028
386
2942
2169
4594
6648
2236
3844
6559
2831
5030
7360
6462
6616
3574
1526
617
6378
398
46
5966
4221
6604
503
7393
1918
3827
3518
806
1267
7884
7937
4438
1378
7781
1783
2216
7049
1127
7844
4577
7787
3670
6241
5698
1568
6716
3047
2376
5372
2078
7207
4995
1345
7032
5600
1949
6548
7956
5008
7790
4115
649
2489
1927
5402
6877
2226
5209
2769
6325
6144
6957
4320
3349
7848
6499
7076
4603
7873
2342
1151
1859
369
5406
2745
6135
6695
4563
3235
6764
2633
100
1396
5859
7245
7836
4387
5429
4978
1091
6032
3376
4708
1712
381
6658
6074
793
3128
489
5551
2714
763
5880
2524
327
4067
5459
698
2732
1592
5357
3763
745
3779
2074
6655
646
546
6216
1054
241
1328
6436
5198
2845
1679
3481
1312
5284
1999
7548
3277
7831
7737
3147
635
627
323
7241
1381
6731
6355
4475
7568
2803
3260
4234
336
7776
5175
446
2088
5066
91
4717
6159
2137
2778
203
4279
956
4686
6772
2642
542
2499
1309
6092
7057
1100
2082
794
7284
4386
1320
444
5867
1098
1077
3863
4720
752
4570
3035
4178
3701
3672
5121
1569
707
5124
7457
1710
6115
3609
6841
6026
887
1504
296
977
2647
4855
5674
4105
5702
2749
2972
988
2701
7112
2554
6338
1494
3999
5509
6052
227
4977
4137
4980
2614
6045
5480
5612
5798
981
3286
2627
6674
370
6401
3776
1664
2854
576
2761
4154
6420
4605
1825
3568
4499
4794
5290
218
1654
107
1916
4962
3985
6130
6357
2080
3886
6046
3497
4740
6301
5069
3982
2185
3193
1293
6354
856
2903
4271
4190
4104
7070
3933
3044
71
2020
984
3308
5356
2253
2699
6691
1171
5788
2873
619
4084
2814
1594
2593
486
6786
5227
5281
7546
5455
5347
4588
1761
6784
2925
5203
219
3914
4398
4628
424
6425
4295
579
2863
5690
2509
6758
6132
7280
2153
4418
2471
4940
6464
2214
1421
6451
2989
4622
3191
4489
1410
5985
6573
1370
7552
7219
2292
1868
4988
5291
4736
5339
3463
475
2420
4239
1062
1787
2330
5256
3307
798
245
3859
4860
4873
7338
6479
2865
1964
5530
6430
7036
2722
5442
867
2388
2010
6090
5378
5034
118
1469
5769
1111
7623
7978
6370
1209
80
908
3617
673
5165
7015
5962
420
1220
5125
2708
695
7955
6326
2079
7029
2257
971
5141
7792
4158
7429
5748
7685
560
5981
4624
5696
3294
1204
6737
5589
1914
577
5767
6819
2421
7578
5586
1398
6686
5594
3628
811
2266
4091
4329
6495
6617
1706
3532
2281
6150
7676
2932
7846
6982
550
7290
89
725
272
5584
700
7840
6733
5511
7373
5675
4316
526
6782
3159
1866
3542
6656
5182
2815
5450
2352
4872
4871
6456
1833
4800
2417
3291
5743
3090
3523
5525
4562
2995
2926
2172
4002
1941
7949
3464
3194
6433
6762
741
485
1085
1781
5692
2736
6609
993
4240
620
7022
507
3211
4422
3726
7516
2210
457
3098
3183
199
1037
5433
3373
6997
4700
4549
421
220
225
6834
7696
2095
3180
4442
6347
4307
7870
1279
1093
3686
7449
4967
6212
4608
3941
5441
949
7193
2474
38
4164
1273
3870
3337
3154
1697
2490
6535
3322
5235
5850
1310
6143
1576
2190
4827
5026
7409
1095
3561
2693
7463
6953
2609
6832
753
5333
1800
3973
1454
6633
5021
3179
3876
4861
7695
4591
3551
3656
3175
7784
113
6736
6422
7565
1675
4904
3759
4970
5166
6091
3851
1477
944
2042
2168
982
1134
2485
511
7119
6646
122
5717
5058
5059
7861
2725
1513
399
3556
1694
4266
61
5468
1000
7371
141
2149
6886
6387
3088
5866
651
7072
4293
2247
2438
6993
5240
5350
6882
4678
2159
2715
2574
6577
3821
6439
3284
4943
7644
3315
855
5726
6684
4274
2664
4638
478
3258
911
5167
6664
6681
862
532
973
3885
5434
2365
704
1529
1382
4109
3660
2450
57
413
5250
2857
6463
1436
4574
7591
4551
7465
4280
5745
1578
6747
4858
2523
7347
2315
2354
499
7195
3360
7663
152
894
6368
3709
783
2960
4214
2936
6797
3326
2940
1449
3748
5715
6956
6172
841
914
4989
2966
5650
4247
3254
1283
6705
3976
5016
820
6309
953
799
2234
6323
1115
3224
7047
6985
5951
5974
5739
393
2044
7987
221
1955
3482
3020
898
813
3680
1895
2407
5498
1142
6400
7925
5927
2379
4394
3940
1705
7478
7852
4184
6009
7363
1527
1723
6572
4804
817
7406
5247
6341
5534
3048
6106
390
3547
6145
5365
1700
3296
2478
4479
2581
7456
6777
4538
4370
4536
7179
7095
2501
5644
2144
2751
1347
4998
5640
2121
67
7555
4340
4182
19
6266
4531
6321
4358
7780
4003
3678
4842
3137
5931
2173
2187
4913
7576
5337
3021
4444
5469
950
4985
6416
1571
7083
5045
6209
7607
1466
6627
3067
1702
3792
1942
7473
253
184
6798
709
7012
6808
1157
7130
5774
2735
5804
4043
263
4604
6702
7109
5909
1813
302
2959
1739
1763
759
7206
7165
3440
7564
1920
4409
5580
5153
3340
832
4018
3473
6481
1511
1932
4450
6562
2517
349
2332
2596
1373
4379
523
1230
6021
2284
2243
4645
7898
7069
6065
5099
7248
2867
5001
758
6821
1121
4031
167
7273
3543
4585
2689
7324
5215
6060
7421
6007
6489
3239
2015
2586
3491
5806
3129
3133
5161
6389
4181
4039
4199
5943
7265
4657
1128
2504
584
1404
2396
800
641
2750
7882
468
7301
3803
2119
3739
2822
3626
3892
4403
1752
4991
4753
1807
4278
6123
3963
1869
4005
2934
5583
2370
7174
2416
1026
4746
2592
3216
2536
3936
2267
5801
786
5815
4229
6125
6067
1097
5888
1538
6742
680
4486
6208
5526
2864
6607
4785
465
5476
3385
4054
3730
6527
6423
3170
3368
1038
3646
7528
7258
5916
6904
6276
7617
5075
2897
2469
236
7712
5759
7958
2527
533
2624
1930
1084
276
3272
2177
6569
6243
7923
44
3592
6202
7797
4311
1924
3151
906
2304
7975
7577
7845
7926
1058
2558
2237
7157
4122
2677
4156
4973
7357
7362
1900
3335
7947
5941
1330
1455
1177
3064
4636
367
4253
5329
6223
885
2208
6958
7306
900
2921
1658
2643
6551
967
7038
808
2005
7315
1904
3516
2461
3256
7182
6179
7990
1908
3319
4186
1925
4593
4066
7320
4701
1338
5775
4579
4381
5829
3498
5451
4157
1840
3001
933
506
1383
1300
4601
4283
2256
5687
2279
4668
6661
7198
5550
3458
3786
4015
5354
4095
7535
5862
5112
2503
126
3356
6365
2556
5214
5362
7341
4833
5098
7986
4909
7201
3605
43
4984
7452
2840
3424
213
5148
510
4868
5770
7659
2436
215
5002
5040
6852
1828
7520
1847
5174
7472
7699
3619
490
7693
578
7352
1385
3988
4492
7880
3504
4215
3778
4332
4032
4564
7681
3271
4170
1561
4447
723
4572
2753
3176
2063
2669
6534
6771
2057
5742
6188
6038
1874
6898
1206
2487
3173
3327
5795
2954
4507
1008
2535
6972
2312
5977
7350
1638
7302
4462
3632
1570
3341
6512
2317
7529
1042
7084
3414
1022
5686
5608
4496
7633
5390
1919
1957
5520
3232
7453
5397
6865
5821
4036
1334
3962
4567
5528
3118
3649
749
6184
688
4933
4231
7791
5340
3466
7187
7400
5937
5157
569
2741
5212
4581
2363
36
7046
3222
6088
5316
3097
2784
3715
1549
1282
4914
2451
6688
3947
6894
4779
1059
3720
7767
2828
3106
129
541
2264
647
5276
1228
2603
5858
4556
5596
7268
4189
2904
5304
985
3126
735
6058
4162
3781
324
3171
4148
4901
6517
2665
5882
907
5239
2258
4070
7200
6708
913
162
1601
7867
7624
4660
3521
6262
4267
553
7230
4925
357
187
5623
2879
3043
4806
6434
5956
3014
5305
667
3966
