3074
2002
557
6653
2154
642
7237
6793
2843
3673
432
2145
6647
5705
6101
7297
4146
1659
290
2789
159
3530
4471
5510
2306
6766
3597
3975
6141
2282
5426
3422
4518
239
238
878
1439
6621
3285
5638
6320
2176
3103
4646
5224
4373
7557
4465
1535
2975
5135
3621
4961
7810
918
7714
2422
3849
7379
6222
3486
2391
5051
5706
2791
5657
7982
1047
2869
736
2129
6913
6722
1269
2025
6098
3415
6952
574
2564
5983
1190
5574
3369
1393
1584
3684
7356
595
7159
145
703
7103
1623
3535
7935
1600
4367
3268
2460
7285
197
6916
2885
37
1032
974
4429
6515
618
3362
6718
2107
95
6445
1747
2466
2727
3122
2007
665
5900
6910
1680
3761
5841
355
7950
1483
6087
5411
2372
481
3880
5152
258
2896
2971
7537
7063
1842
328
7636
5782
2835
1380
7889
5930
5328
939
3265
3943
2054
4583
5268
1175
7589
280
2969
7488
2028
6944
6922
6706
2228
7476
5825
2654
2569
3950
1409
6070
2350
3830
2629
6884
5327
2855
2131
