1109
609
1890
1356
1458
512
1738
1496
242
1393
184
1962
1179
741
503
1545
957
1433
1206
369
1699
926
835
492
376
177
383
1604
580
1321
1267
538
1112
222
1900
520
347
1125
1488
1408
1980
26
1544
1227
1930
102
100
1570
398
1363
659
1710
1358
640
599
684
1764
91
145
477
32
1899
276
901
1438
1734
541
997
112
1713
1316
701
1618
678
259
1441
522
265
1251
1641
1730
756
1389
1994
438
1674
775
167
809
1239
1069
1748
151
1605
1528
340
1669
84
1353
1463
647
1379
1872
149
1485
526
1632
1540
1338
1258
1390
830
79
1920
1749
502
1593
366
1622
727
771
313
1500
152
360
991
1791
1448
1406
1099
1453
1427
1345
78
1617
209
234
510
1590
1455
1946
723
1616
144
575
1374
408
361
724
305
431
1259
1684
483
19
389
1401
122
1097
851
816
406
237
1285
1215
1068
1882
1886
119
1460
1714
1807
1992
1981
0
657
765
1569
951
967
1409
1905
490
588
668
1171
1760
1778
942
595
694
1202
975
869
1863
263
182
1350
906
1319
976
550
1635
831
990
489
787
3
1124
1297
711
692
1686
1693
791
1695
443
466
608
1004
1940
1971
840
789
1717
1003
722
482
1391
649
264
1733
1613
1759
511
505
691
1514
960
1557
1205
1382
215
1598
616
380
567
762
735
843
402
421
1943
1651
1501
1160
1529
1310
1355
759
1675
1902
1652
1461
238
1736
1421
764
1038
556
1162
1392
792
1253
531
1642
487
1148
947
1830
728
1690
660
1839
1359
1270
321
1352
36
1203
232
127
94
1535
204
1862
720
1860
909
529
671
1784
1739
1498
27
679
1810
1439
545
1552
1307
1073
656
1340
1755
1204
327
1897
540
1931
1128
932
235
1563
1040
1896
329
1155
1154
1873
1192
1517
800
419
748
1864
939
1964
574
461
662
508
190
1023
1691
1284
1384
472
1042
1210
801
1688
900
454
233
1829
164
1664
1619
291
106
547
317
793
1538
11
1046
201
88
464
826
1803
892
455
998
467
1295
39
1177
497
1530
778
841
681
1324
319
620
1857
231
1724
904
1225
606
162
1763
849
783
1140
972
1371
1223
1507
555
1990
20
601
496
1095
924
713
1238
535
1293
1924
1509
1117
1876
1937
1410
49
1814
1731
1369
836
1370
1732
392
584
803
1575
686
391
99
984
1700
51
1484
473
1745
1021
1915
1013
135
673
417
1007
1464
871
1499
70
46
621
1696
1101
132
1505
1452
248
1855
1969
755
1131
542
1800
81
1977
847
1516
1534
1849
336
1142
1798
197
1024
252
1228
1183
66
1031
83
1237
1631
1633
1127
1951
978
1450
285
130
725
154
1164
737
1867
1166
225
1170
597
1419
77
1126
1835
891
279
208
1416
311
1550
739
690
719
309
594
159
844
1219
1673
1846
1368
1311
400
513
736
1594
72
945
156
1493
1692
367
899
751
815
1090
1022
1581
1666
1479
1504
920
64
388
568
530
1102
593
689
359
1573
667
1698
1512
1574
1397
885
919
506
1723
1165
1768
1058
766
1153
53
519
1637
1176
1000
1402
299
1851
55
200
1467
1786
881
318
418
963
1426
1281
160
1612
1883
1318
1211
655
528
1468
250
217
287
1119
1241
176
969
1837
914
1377
1775
458
624
133
1217
1933
1138
1486
817
687
1233
1059
688
544
1027
1606
954
1754
307
437
1523
33
1842
1197
1052
1903
1107
1367
1167
631
1912
1168
280
273
747
226
1012
1524
272
374
