1235
1009
1033
300
1314
352
1965
703
1114
572
1349
4
1279
459
610
1385
108
1792
1472
1682
1050
1597
1157
1141
1394
604
205
332
488
674
525
449
611
571
302
1527
1583
1787
1070
822
6
754
643
1354
1245
1621
1881
1986
1108
913
944
1194
1947
782
873
718
786
365
1300
1553
742
607
1502
1909
30
962
294
1431
1949
296
187
491
864
211
680
1797
195
1334
848
699
863
617
61
1985
1407
1721
1677
1510
886
1948
378
403
1747
1648
1974
1826
1942
802
630
645
170
423
1332
331
712
1110
1938
1388
1817
1289
1808
462
243
1972
1568
683
811
1234
1189
1218
813
707
1811
619
1640
1118
1317
150
1794
866
682
435
1944
614
384
1741
558
173
1173
641
695
120
1998
1638
1531
92
1029
28
1105
560
1261
370
320
527
213
1254
867
733
897
1201
1026
271
341
677
1487
1885
416
705
377
1742
902
1737
240
41
961
1823
717
436
650
316
1625
1139
970
832
763
1649
131
1025
833
1720
1272
1057
1562
1477
1244
1474
52
442
880
1820
1014
798
702
110
25
432
407
266
24
664
1320
1028
501
612
1847
1853
749
1765
1221
1440
221
1785
390
1442
1959
345
393
1078
344
507
1623
1654
1294
839
114
1587
1600
181
1678
1325
859
1015
1979
288
12
396
445
1712
105
1159
973
1549
1776
199
956
333
1584
734
627
322
1429
298
207
697
965
1780
1647
1113
808
1571
750
1249
1495
1609
194
1818
1819
324
1620
447
1478
1328
1121
1707
1446
17
1100
1339
1283
1796
769
1875
1999
1161
1054
1250
1726
1175
1198
478
293
474
636
1526
71
938
364
622
1578
935
168
1039
1187
330
1588
770
1513
274
1869
96
592
22
375
368
710
730
29
1572
179
441
888
1650
134
267
1729
504
1532
1991
1220
740
675
115
596
1522
148
1984
430
581
1906
820
1697
1802
1443
1243
59
1756
1657
1725
1136
1891
141
515
1708
665
983
121
35
420
1494
1287
1266
1428
781
1080
1511
1518
1753
1298
1076
661
1543
1551
174
543
1143
193
1607
1182
1859
587
768
1469
146
1702
559
788
326
936
940
1037
980
1626
1665
1685
323
486
1963
1151
348
1976
1475
868
1200
1687
1932
1993
566
598
777
1539
1178
1627
260
1845
229
1016
63
653
261
239
1799
1067
206
1813
1766
1761
180
521
7
1822
80
1679
773
107
729
1611
453
1589
1827
821
401
1305
516
93
715
603
1668
103
493
933
964
1147
1877
76
1921
48
68
1561
1089
495
314
856
931
1064
1585
1771
410
780
644
87
846
523
101
1051
1376
1214
893
1834
799
